343.8002407706724 213.66810219241398 -1.0
329.62362101962674 214.24803486843217 -1.0
346.9261450256453 222.21311373327362 -1.0
327.2381538166839 223.16941445862184 -1.0
337.64365973039946 230.97926360767477 -1.0
336.60357163187246 211.00786086221055 -1.0
397.8408551590438 248.2230448124051 -1.0
396.53527154945164 255.21048362219108 -1.0
392.3973459632311 241.01872233590035 -1.0
384.7246605159716 259.44839411034303 -1.0
391.77906986513074 259.2584356645419 -1.0
396.71992920877256 294.3928235543848 1.0
406.31879139869505 290.0873419686379 1.0
395.9627455915639 304.28112517420385 1.0
400.686080943781 290.97835367705034 1.0
395.02593148005604 299.2803075938546 1.0
399.10766320719927 308.0796266696059 1.0
412.73926569544653 293.6672465313037 1.0
403.7540963773562 309.92208265250207 1.0
414.49435536470827 303.13962039244154 1.0
409.4138692706385 308.9731687859815 1.0
397.9001220320671 344.5901830791978 -1.0
394.8072311429086 338.67459187710233 -1.0
382.3165884955384 337.7720699036177 -1.0
389.54579311204884 336.12019617326627 -1.0
393.8460452535902 354.1131840169551 -1.0
280.0306322028308 258.6778674624851 -1.0
275.8752495259624 254.09132359836642 -1.0
275.38521049456585 247.2512143106103 -1.0
281.13813819345097 240.77579144928316 -1.0
287.06238684260353 259.7850171441575 -1.0
252.74586347357055 293.11686820873507 1.0
250.43387657039273 302.91363733664963 1.0
259.5912993968425 290.0083552997027 1.0
265.1294881467649 291.4158080547906 1.0
255.5668724241763 308.96367000153793 1.0
268.7081804507583 295.08394535862027 1.0
261.25051329416084 309.921502734018 1.0
265.811942615689 308.1376484952312 1.0
268.8966200399913 304.5661966519221 1.0
269.9991319518039 299.868241848774 1.0
276.1460952315878 353.1075149683711 -1.0
272.0233596277878 344.31688442885144 -1.0
279.323485331403 335.3648420236726 -1.0
274.4991876934882 338.3865429053723 -1.0
286.3840005729783 336.01220054873687 -1.0
267.61678152363703 540.3439252297742 -1.0
28.810018042500268 510.0310386783092 -1.0
438.16516772100744 540.585018668234 -1.0
332.85229217562255 289.83328398828917 -1.0
647.7441088214459 540.8725374859052 -1.0
724.9593774223152 533.9750792332933 -1.0
704.3038128632033 510.0262639546595 -1.0
359.9872456650777 499.61581478271825 -1.0
612.7477665164739 510.01002686901575 -1.0
16.05509802654493 510.03677719088853 -1.0
16.04982181027761 525.2609042376871 -1.0
27.126508648484833 539.9794101556254 -1.0
163.92554176393173 540.1964850700601 -1.0
341.5120359704663 540.4431724986712 -1.0
101.83058213573425 540.1044649320494 -1.0
328.9615658314022 335.2732267729117 -1.0
16.05954775543904 539.9574709492634 -1.0
724.9558562420594 510.0532202778985 -1.0
212.4827735672441 540.2672577903597 -1.0
341.49534614381827 309.6645033502236 -1.0
130.43416335261875 510.00857109662655 -1.0
587.4181133088925 540.7932535825332 -1.0
724.9563859816582 519.4854709058452 -1.0
57.02988475778557 540.0345974271621 -1.0
494.0144229810186 540.6656248364425 -1.0
667.3890050462097 510.0144489491005 -1.0
695.8159122803521 540.9302633813644 -1.0
541.9502092226636 540.7332584489816 -1.0
724.9618717044693 540.927672282235 -1.0
69.18150744770898 510.0163558728661 -1.0
