344.2779846074411 214.1420892354996 -1.0
330.2739058061292 213.60002318279456 -1.0
342.34437041285645 229.45208287288906 -1.0
346.97889986876055 221.64927452533652 -1.0
327.0001181706832 220.95138519053344 -1.0
331.1878588323904 229.13750668496056 -1.0
337.3926710087221 211.0077125001875 -1.0
379.3630011603312 255.04006458724083 1.0
387.3185053221621 259.97675122492683 1.0
379.65198667983907 244.49448698063333 1.0
395.3453494013992 256.78570867127115 1.0
411.39380933849674 292.3110987688128 -1.0
395.0161439914407 300.56799577494377 -1.0
404.58749079412985 290.00851181479595 -1.0
397.98319137104625 292.8750861994941 -1.0
398.53075021402054 307.6255365192624 -1.0
414.9737598518519 299.2760425305398 -1.0
405.15102473225943 309.9988595114766 -1.0
412.12918926942666 307.01246464238443 -1.0
394.1457103960455 338.11138518319353 1.0
386.2763163208738 336.14967439247243 1.0
397.65099590026097 348.6188314442029 1.0
378.05741267284685 344.9299732517672 1.0
293.6884277544755 245.0491189516148 1.0
293.0133734218108 255.98212724727722 1.0
284.3672615344295 259.9799620256886 1.0
276.8116548030429 255.74029641529685 1.0
250.91300780697395 304.1745146884259 -1.0
250.50330763324865 296.8674556521437 -1.0
256.1263608084945 309.2192689197155 -1.0
254.81747799879383 291.44772160725495 -1.0
262.72241859300493 309.6222885533776 -1.0
261.21892070947627 290.0745663921414 -1.0
267.08151008682916 292.93938990666265 -1.0
267.99852465313563 306.0019666254638 -1.0
269.9776355623971 299.33157754078087 -1.0
274.8225164883984 338.036974045669 1.0
272.58989907019196 348.383784935664 1.0
281.8722914233112 335.0008155072806 1.0
291.0252130455852 340.6935479241261 1.0
241.4565755149131 540.3064650716577 -1.0
28.542162389031947 510.0322384723467 -1.0
489.74039696076346 540.6558647088854 -1.0
333.4962495378067 282.26233132238696 -1.0
636.3443115918805 540.8530048559875 -1.0
724.9573701811174 534.9252665231651 -1.0
711.8280708918934 510.03199715391673 -1.0
392.2570265084636 510.00150847193925 -1.0
648.2831957371964 510.0111655156595 -1.0
16.056916445699503 510.0383511365143 -1.0
16.051628003274487 524.6036334023025 -1.0
25.160027233561905 539.9748786547394 -1.0
167.27475528575457 540.2002229066926 -1.0
293.5886043845128 540.3818064742268 -1.0
90.08884360264094 540.0881264057194 -1.0
436.5731607835876 540.5815759644254 -1.0
16.06881622033567 539.959027459956 -1.0
724.9433859869072 510.0466090678188 -1.0
198.2096346671026 510.00436365833025 -1.0
347.2239544671145 540.4559616825745 -1.0
126.5735460086137 540.1445063614187 -1.0
598.2215764477977 510.0064278202349 -1.0
724.9508353163102 521.523108386352 -1.0
51.06310195776821 540.025093071127 -1.0
527.6866650397951 510.0038842613224 -1.0
682.9621858770802 510.0157250938807 -1.0
694.4947674044705 540.9249052573851 -1.0
567.1713786091872 540.7614572963382 -1.0
724.9603621072687 540.9160174962033 -1.0
70.04779533629306 510.0172016671102 -1.0
